256	(228, 184)
257	(239, 188)
258	(257, 140)
259	(227, 128)
260	(231, 154)
261	(260, 132)
262	(228, 187)
263	(228, 186)
264	(259, 128)
265	(229, 156)
266	(229, 136)
267	(259, 130)
268	(232, 191)
269	(230, 156)
270	(230, 152)
271	(229, 164)
272	(229, 176)
273	(229, 143)
274	(233, 152)
275	(230, 150)
276	(229, 133)
277	(229, 190)
278	(228, 189)
279	(230, 137)
280	(229, 144)
281	(270, 175)
282	(265, 168)
283	(232, 181)
284	(256, 128)
285	(264, 264)
286	(10, 285)
287	(231, 187)
288	(228, 185)
289	(230, 151)
290	(230, 136)
291	(263, 134)
292	(231, 144)
293	(266, 134)
294	(230, 157)
295	(262, 150)
296	(229, 174)
297	(226, 128)
298	(265, 186)
299	(256, 141)
300	(292, 131)
301	(229, 138)
302	(275, 175)
303	(228, 188)
304	(230, 175)
305	(283, 155)
306	(229, 135)
307	(269, 137)
308	(256, 173)
309	(304, 148)
310	(274, 159)
311	(229, 184)
312	(232, 131)
313	(232, 174)
314	(267, 286)
315	(229, 165)
316	(229, 141)
317	(268, 153)
318	(229, 188)
319	(232, 128)
320	(232, 175)
321	(229, 183)
322	(229, 175)
323	(233, 135)
324	(289, 182)
325	(229, 134)
326	(256, 138)
327	(263, 186)
328	(229, 155)
329	(230, 138)
330	(266, 176)
331	(256, 170)
332	(277, 151)
333	(280, 142)
334	(272, 148)
335	(231, 155)
336	(230, 139)
337	(229, 185)
338	(231, 186)
339	(262, 172)
340	(231, 142)
341	(230, 148)
342	(231, 167)
343	(322, 185)
344	(229, 145)
345	(306, 186)
346	(290, 145)
347	(232, 161)
348	(309, 305)
349	(231, 175)
350	(230, 178)
351	(349, 174)
352	(229, 173)
353	(230, 172)
354	(231, 129)
355	(229, 146)
356	(288, 159)
357	(231, 137)
358	(229, 137)
359	(229, 167)
360	(230, 173)
361	(312, 189)
362	(355, 140)
363	(233, 151)
364	(354, 171)
365	(232, 129)
366	(231, 148)
367	(256, 139)
368	(353, 161)
369	(271, 167)
370	(297, 156)
371	(294, 165)
372	(297, 157)
373	(230, 155)
374	(233, 131)
375	(231, 174)
376	(358, 141)
377	(229, 189)
378	(256, 186)
379	(230, 149)
380	(233, 128)
381	(323, 140)
382	(230, 142)
383	(262, 165)
384	(230, 160)
385	(365, 148)
386	(232, 180)
387	(278, 134)
388	(258, 295)
389	(274, 191)
390	(232, 167)
391	(232, 135)
392	(269, 128)
393	(272, 177)
394	(340, 176)
395	(256, 137)
396	(229, 191)
397	(231, 189)
398	(277, 183)
399	(341, 187)
400	(279, 139)
401	(230, 128)
402	(166, 129)
403	(233, 157)
404	(303, 154)
405	(276, 139)
406	(231, 172)
407	(268, 152)
408	(232, 402)
409	(319, 140)
410	(268, 135)
411	(271, 154)
412	(268, 155)
413	(352, 163)
414	(275, 176)
415	(259, 129)
416	(357, 185)
417	(229, 186)
418	(318, 128)
419	(231, 156)
420	(279, 147)
421	(232, 138)
422	(231, 132)
423	(230, 131)
424	(256, 164)
425	(320, 180)
426	(232, 190)
427	(406, 172)
428	(350, 161)
429	(422, 182)
430	(374, 189)
431	(288, 139)
432	(270, 142)
433	(258, 387)
434	(375, 173)
435	(230, 158)
436	(364, 434)
437	(229, 142)
438	(230, 179)
439	(257, 154)
440	(294, 191)
441	(329, 149)
442	(337, 180)
443	(300, 310)
444	(233, 162)
445	(271, 169)
446	(301, 155)
447	(232, 130)
448	(305, 413)
449	(363, 180)
450	(272, 134)
451	(278, 147)
452	(287, 143)
453	(290, 144)
454	(277, 136)
455	(312, 156)
456	(273, 145)
457	(230, 129)
458	(347, 168)
459	(315, 189)
460	(315, 135)
461	(311, 131)
462	(230, 132)
463	(273, 175)
464	(233, 129)
465	(230, 181)
466	(229, 177)
467	(233, 161)
468	(344, 152)
469	(421, 130)
470	(279, 141)
471	(269, 172)
472	(229, 140)
473	(336, 137)
474	(270, 147)
475	(346, 339)
476	(373, 180)
477	(232, 183)
478	(377, 147)
479	(233, 148)
480	(233, 130)
481	(263, 142)
482	(342, 145)
483	(290, 152)
484	(229, 166)
485	(391, 170)
486	(351, 440)
487	(230, 140)
488	(274, 178)
489	(324, 449)
490	(229, 129)
491	(256, 187)
492	(232, 182)
493	(321, 178)
494	(273, 170)
495	(272, 188)
496	(262, 138)
497	(233, 169)
498	(278, 141)
499	(229, 187)
500	(232, 162)
501	(319, 133)
502	(428, 307)
503	(228, 191)
504	(268, 158)
505	(325, 133)
506	(301, 160)
507	(308, 258)
508	(484, 130)
509	(232, 142)
510	(298, 348)
511	(232, 189)
512	(360, 164)
513	(497, 172)
514	(233, 154)
515	(230, 141)
516	(419, 139)
517	(293, 258)
518	(229, 157)
519	(49, 49)
520	(296, 136)
521	(267, 372)
522	(284, 331)
523	(313, 169)
524	(266, 169)
525	(289, 165)
526	(231, 138)
527	(338, 191)
528	(276, 168)
529	(230, 180)
530	(233, 155)
531	(500, 171)
532	(384, 183)
533	(233, 171)
534	(359, 154)
535	(488, 520)
536	(233, 156)
537	(533, 152)
538	(300, 468)
539	(229, 128)
540	(49, 48)
541	(231, 131)
542	(258, 317)
543	(480, 163)
544	(328, 189)
545	(229, 163)
546	(230, 163)
547	(230, 185)
548	(233, 166)
549	(301, 169)
550	(493, 452)
551	(547, 150)
552	(551, 327)
553	(337, 182)
554	(403, 162)
555	(534, 432)
556	(269, 136)
557	(460, 470)
558	(289, 160)
559	(229, 139)
560	(359, 134)
561	(397, 151)
562	(303, 164)
563	(333, 258)
564	(231, 157)
565	(499, 186)
566	(231, 130)
567	(287, 131)
568	(296, 158)
569	(229, 159)
570	(271, 150)
571	(276, 136)
572	(288, 136)
573	(231, 140)
574	(447, 178)
575	(230, 182)
576	(232, 176)
577	(344, 189)
578	(258, 409)
579	(228, 190)
580	(231, 171)
581	(458, 394)
582	(451, 574)
583	(272, 143)
584	(328, 160)
585	(295, 339)
586	(232, 186)
587	(546, 174)
588	(338, 179)
589	(564, 128)
590	(229, 147)
591	(548, 150)
592	(233, 153)
593	(321, 177)
594	(412, 399)
595	(287, 153)
596	(275, 185)
597	(485, 593)
598	(437, 187)
599	(586, 171)
600	(233, 146)
601	(465, 170)
602	(396, 131)
603	(474, 565)
604	(603, 385)
605	(50, 48)
606	(230, 153)
607	(315, 165)
608	(318, 186)
609	(541, 173)
610	(395, 293)
611	(566, 185)
612	(231, 159)
613	(265, 176)
614	(274, 181)
615	(545, 171)
616	(382, 165)
617	(472, 151)
618	(231, 180)
619	(230, 143)
620	(231, 173)
621	(464, 147)
622	(280, 140)
623	(350, 131)
624	(414, 601)
625	(262, 128)
626	(297, 148)
627	(262, 142)
628	(283, 183)
629	(280, 136)
630	(321, 180)
631	(323, 141)
632	(263, 172)
633	(325, 141)
634	(624, 582)
635	(279, 128)
636	(617, 632)
637	(296, 154)
638	(328, 158)
639	(263, 155)
640	(467, 191)
641	(296, 137)
642	(311, 184)
643	(10, 10)
644	(366, 168)
645	(256, 156)
646	(417, 166)
647	(490, 154)
648	(278, 156)
649	(435, 156)
650	(256, 142)
651	(273, 151)
652	(280, 141)
653	(231, 139)
654	(261, 348)
655	(623, 334)
656	(232, 137)
657	(336, 191)
658	(366, 159)
659	(332, 330)
660	(347, 140)
661	(313, 175)
662	(311, 140)
663	(496, 445)
664	(271, 170)
665	(515, 174)
666	(549, 399)
667	(379, 176)
668	(286, 634)
669	(661, 264)
670	(668, 669)
671	(335, 159)
672	(423, 133)
673	(258, 282)
674	(313, 176)
675	(386, 165)
676	(363, 174)
677	(559, 146)
678	(462, 143)
679	(335, 174)
680	(269, 186)
681	(609, 364)
682	(335, 180)
683	(273, 178)
684	(342, 146)
685	(276, 182)
686	(338, 166)
687	(444, 134)
688	(457, 175)
689	(287, 147)
690	(271, 180)
691	(287, 173)
692	(271, 177)
693	(503, 157)
694	(343, 400)
695	(232, 132)
696	(276, 179)
697	(41, 643)
698	(360, 163)
699	(232, 153)
700	(328, 155)
701	(423, 179)
702	(319, 129)
703	(577, 308)
704	(518, 135)
705	(232, 146)
706	(505, 527)
707	(384, 188)
708	(600, 159)
709	(521, 286)
710	(405, 302)
711	(276, 165)
712	(394, 282)
713	(231, 161)
714	(299, 410)
715	(231, 188)
716	(390, 132)
717	(389, 385)
718	(66, 65)
719	(391, 179)
720	(301, 168)
721	(316, 142)
722	(393, 281)
723	(257, 159)
724	(233, 190)
725	(519, 556)
726	(331, 486)
727	(359, 139)
728	(278, 160)
729	(575, 136)
730	(385, 671)
731	(530, 183)
732	(273, 140)
733	(231, 177)
734	(509, 177)
735	(301, 191)
736	(482, 309)
737	(396, 171)
738	(357, 155)
739	(330, 291)
740	(258, 370)
741	(379, 153)
742	(403, 158)
743	(232, 144)
744	(231, 166)
745	(306, 187)
746	(293, 708)
747	(724, 153)
748	(435, 151)
749	(438, 162)
750	(232, 165)
751	(323, 145)
752	(296, 182)
753	(569, 186)
754	(284, 368)
755	(231, 168)
756	(316, 171)
757	(389, 381)
758	(269, 155)
759	(360, 165)
760	(750, 191)
761	(526, 182)
762	(231, 160)
763	(263, 139)
764	(418, 727)
765	(276, 172)
766	(231, 136)
767	(268, 183)
768	(231, 190)
769	(165, 621)
770	(374, 168)
771	(705, 130)
772	(256, 129)
773	(335, 184)
774	(233, 187)
775	(340, 135)
776	(334, 45)
777	(514, 190)
778	(78, 718)
779	(272, 145)
780	(392, 333)
781	(462, 159)
782	(439, 370)
783	(332, 293)
784	(230, 176)
785	(426, 190)
786	(388, 339)
787	(733, 179)
788	(262, 133)
789	(618, 162)
790	(230, 161)
791	(329, 162)
792	(233, 186)
793	(302, 482)
794	(231, 164)
795	(444, 152)
796	(263, 140)
797	(729, 688)
798	(303, 160)
799	(298, 704)
800	(230, 177)
801	(347, 165)
802	(287, 136)
803	(529, 155)
804	(295, 261)
805	(231, 150)
806	(233, 149)
807	(317, 532)
808	(49, 50)
809	(539, 153)
810	(262, 187)
811	(269, 175)
812	(341, 175)
813	(335, 150)
814	(306, 160)
815	(322, 134)
816	(479, 139)
817	(292, 134)
818	(324, 258)
819	(492, 179)
820	(489, 725)
821	(373, 191)
822	(560, 302)
823	(536, 128)
824	(316, 180)
825	(296, 185)
826	(680, 404)
827	(588, 302)
828	(438, 149)
829	(793, 473)
830	(263, 164)
831	(433, 281)
832	(233, 170)
833	(324, 809)
834	(231, 149)
835	(401, 187)
836	(397, 154)
837	(757, 827)
838	(679, 376)
839	(273, 150)
840	(792, 166)
841	(273, 136)
842	(401, 129)
843	(676, 795)
844	(308, 544)
845	(741, 567)
846	(325, 155)
847	(526, 175)
848	(318, 151)
849	(407, 281)
850	(271, 141)
851	(258, 346)
852	(670, 636)
853	(768, 142)
854	(573, 155)
855	(229, 161)
856	(303, 145)
857	(266, 135)
858	(271, 159)
859	(300, 767)
860	(461, 734)
861	(313, 173)
862	(267, 282)
863	(352, 144)
864	(491, 298)
865	(463, 383)
866	(314, 40)
867	(287, 180)
868	(619, 144)
869	(294, 176)
870	(273, 141)
871	(823, 408)
872	(492, 133)
873	(269, 151)
874	(296, 162)
875	(417, 148)
876	(261, 581)
877	(316, 138)
878	(231, 169)
879	(340, 139)
880	(178, 129)
881	(407, 307)
882	(584, 378)
883	(466, 128)
884	(852, 820)
885	(256, 148)
886	(329, 138)
887	(713, 174)
888	(794, 186)
889	(699, 189)
890	(511, 187)
891	(231, 179)
892	(317, 331)
893	(321, 174)
894	(441, 351)
895	(316, 149)
896	(674, 501)
897	(275, 173)
898	(269, 170)
899	(230, 154)
900	(276, 176)
901	(306, 175)
902	(471, 448)
903	(233, 163)
904	(270, 190)
905	(344, 168)
906	(296, 140)
907	(271, 171)
908	(495, 710)
909	(653, 188)
910	(386, 159)
911	(299, 281)
912	(342, 141)
913	(508, 649)
914	(269, 159)
915	(343, 481)
916	(695, 154)
917	(278, 149)
918	(605, 48)
919	(382, 167)
920	(258, 475)
921	(233, 185)
922	(765, 738)
923	(274, 179)
924	(453, 378)
925	(229, 168)
926	(626, 626)
927	(889, 429)
928	(49, 51)
929	(268, 144)
930	(744, 187)
931	(268, 145)
932	(310, 261)
933	(273, 152)
934	(284, 298)
935	(854, 747)
936	(266, 186)
937	(742, 642)
938	(806, 191)
939	(487, 129)
940	(231, 191)
941	(232, 136)
942	(405, 45)
943	(847, 716)
944	(861, 567)
945	(457, 169)
946	(479, 153)
947	(231, 153)
948	(273, 139)
949	(625, 572)
950	(463, 361)
951	(606, 174)
952	(263, 154)
953	(774, 132)
954	(687, 571)
955	(230, 159)
956	(821, 801)
957	(233, 159)
958	(304, 143)
959	(261, 281)
960	(266, 154)
961	(326, 298)
962	(419, 159)
963	(597, 261)
964	(325, 181)
965	(656, 178)
966	(320, 165)
967	(258, 436)
968	(667, 665)
969	(231, 170)
970	(262, 141)
971	(345, 298)
972	(303, 138)
973	(291, 258)
974	(232, 139)
975	(515, 162)
976	(513, 772)
977	(267, 409)
978	(266, 171)
979	(275, 135)
980	(427, 796)
981	(504, 455)
982	(303, 175)
983	(664, 923)
984	(612, 769)
985	(380, 137)
986	(514, 143)
987	(300, 258)
988	(311, 166)
989	(715, 186)
990	(579, 157)
991	(373, 190)
992	(231, 151)
993	(266, 187)
994	(298, 326)
995	(587, 748)
996	(874, 298)
997	(267, 387)
998	(477, 179)
999	(466, 177)
1000 (761, 842)
